insert
zomato.csv
queries
Restaurant ID
6317637
6304287
6300002
6318506
6314302
18189371
6300781
6301290
6300010
6314987
6309903
6309455
6318433
6310470
6314605
18185059
18182702
6318213
18255654
6308205
6315438
6310406
6600681
6601005
6600292
6600441
6600970
6600379
6600214
6601218
6600060
6600083
6601515
6601361
6601602
6601589
6601862
6601595
6601158
6600427
6600116
6601457
7303219
7304307
7301215
7300596
7300612
7300704
7300955
7300521
7300515
7300483
7301064
7304312
7300004
7300868
7302637
7302140
7305048
7302898
7302859
7301700
6706313
6704326
6711179
6702797
6700475
6713413
6714340
6710645
6700402
6700846
6702159
6711666
6701257
6706211
6705858
6701419
6703956
6709580
6703176
6713772
17284404
17284203
17284105
17284302
17284397
17284211
17284094
17284409
17284139
17284403
17284145
17284150
17284158
17284175
17284179
17284197
17284241
17284390
17284279
17284364
16611114
17293281
17293301
17293409
17293163
17293228
17293880
17293169
17293186
17293180
17293205
17293229
17293897
17293273
17293870
17293877
17293890
17293915
17293422
17293873
17294014
17294556
17294607
17294279
17294300
17295215
17295028
17294642
17295109
17294441
17294552
17294565
17294623
17294712
17295033
17295069
17294261
17295115
17294836
17294850
17294883
16608864
16604911
17303465
17303642
17303670
17303545
17303655
17304691
17303478
17303480
17304733
17303646
17304929
17303684
17303772
17305123
17303787
17303990
17304741
17304726
17304486
17304533
17316233
17315883
17315995
17316018
17316038
17316771
17316201
17316208
17316389
17316278
17316744
17316751
17316766
17316743
17316374
17316381
17316802
17316416
17316449
17316603
16659169
17558684
18366580
17330755
17330611
17330609
17330024
17330074
17330185
17330397
17330735
17330676
17330048
17330604
17330087
17330137
17330155
17330309
17330311
17330615
17330638
17330628
17330546
16643459
17334434
17334348
17334213
17334355
17334212
17333797
17334217
17334273
17334254
17333836
17334197
17333882
17334211
17334390
17334034
17334414
17334082
17334364
17334398
17334219
17335173
17335195
17335225
17335219
17334965
17335189
17335156
17334717
17334752
18453427
17793744
17334679
17334718
17334763
17335158
17334782
17334846
17334853
17335168
17334958
17258496
17259395
17258350
17258136
17258522
17259958
17258036
17259368
17257684
17258154
17259340
17259243
17259625
17259169
17259166
17259335
17259248
17258552
17259550
17259200
16615894
17342816
17342498
17342648
17342781
17342799
17342772
17342771
17342548
17342556
17342811
17342576
17342770
17342585
17342494
17342594
17342625
17342652
17342665
17342810
17342775
16612028
17536645
16613507
16607969
17374405
17375060
17375164
17374552
17375078
17375049
17375077
17375141
17375198
17375180
17375072
17375047
17375074
17374921
17374819
17375089
17375214
17374951
17374978
17375104
16604358
16604896
16612550
16606299
16605794
17557488
17452342
16611498
17842104
17501291
17500759
17500767
17500819
17500911
17501439
17501279
17500695
17501298
17500847
17500872
17501315
17501201
17501247
17501281
17501143
17501292
17501308
17501301
17501268
16611701
17482142
16609169
17606621
17687832
16613059
17534788
17061237
17057397
17058534
17060320
17057925
17060869
17057591
17059541
17064266
17064405
17060516
17059012
17061296
17061205
17064031
17066603
17057797
17061253
17059060
17061231
16613649
18255631
16608483
17580453
17580142
17580160
17580349
17580412
17580590
17580704
17579928
17579992
17580030
17580074
17580020
17580350
17580408
17579653
17580476
17580422
17580539
17580511
17580021
16604370
17582467
17582668
17582498
17582499
17582522
17582524
17582527
17582551
17582558
17582560
17582677
17582670
17582625
17582627
17582700
17582664
17582682
17582669
18491935
17582546
17629582
17211719
17144717
17143970
17142698
17144991
17142519
17145408
17143336
17145077
17141447
17142096
17142297
17142535
17142792
17145495
17143950
17142747
17141990
17144732
17143282
17143705
17615915
17616487
17615924
17615979
17616266
17615976
17616025
17615597
17615740
17616203
17616590
17615855
17616348
17616368
17616400
17616076
17616205
17616222
17616295
17616465
18483372
18484349
18496057
18483389
18483222
18483085
18484423
18483714
18485469
18479690
18483224
18493989
18484464
18483051
18482983
18479742
18482938
18483082
18483446
18483252
17621616
17621696
17621744
17621759
17621763
17621780
17621781
17621788
17621793
17621796
17621831
17621832
17621833
17621834
17621869
17621960
17621746
17621755
17621946
17621552
17096140
17099925
17092257
17092799
17095222
17092293
17102241
17102579
17092801
17093273
17096198
17095098
17093135
17095236
17095979
17099856
17100307
17093600
17100547
17093124
16608059
16605194
17678243
17678043
17677978
17677988
17678231
17677990
17677991
17678307
17678276
17678283
17678222
17678055
17678326
17678229
17678097
17678216
17678233
17678148
17678291
17678218
17558738
16608209
16654702
17697444
17696871
17696891
17696901
17697384
17697417
17696918
17696920
17697398
17697406
17696941
17696955
17696957
17697418
17697386
17697224
17697304
17697389
17697424
17697332
17694056
17559793
16668008
18212135
5704255
5701978
5701729
5704168
18277098
5701446
5700052
5702418
5700386
5704202
5701052
5704118
5701548
18235425
5702615
5703500
18253896
5701917
5702574
202321
206488
209654
18340881
18233284
18269368
18254160
208939
201531
208965
208778
209703
18381837
208850
210134
201044
201340
18289126
202507
210139
5600424
5602751
5600457
5600642
18268134
18376208
5600959
5600103
5602586
5600961
5600960
5601340
5600701
5601404
5600556
5602055
5601521
5602377
5602884
5602942
3400025
3400341
3400005
3400021
3400017
3400325
3400059
3400060
3400348
3400072
3400073
3400019
3400033
3400346
3400350
3400391
3400016
3400105
3400326
3400392
111895
110502
18396250
113702
113433
18438909
18143128
18438944
110436
18385201
110395
18335583
110237
113537
113703
18385186
113325
111826
110516
18371341
113570
2400020
2400148
2400019
2400193
2400027
17960073
2400119
2400014
2400403
2400349
2400279
2400017
18317988
2400144
2400195
2400052
2400016
2400293
2400009
2400010
2200011
2200078
18204507
2200030
2200201
2200067
2200358
2200001
2200033
2200283
2200045
2200149
2200043
2200044
2200132
2200236
2200175
2200000
2200055
2200034
2200153
2500023
2500076
2500054
2500134
2500069
2500256
2500024
2500075
2500029
2500079
2500343
2500052
2500062
2500056
2500030
2500390
2500007
2500123
2500122
2500346
50943
58268
51705
18162866
18407918
56464
18221572
18359919
18439634
51040
54162
18305628
18385443
56618
18353121
18366652
18430785
58882
18422898
18339874
2600472
2600514
2600109
2600311
2600008
2600031
2600250
2600025
2600494
18108352
2600079
2600340
18461339
2600010
2600230
2600003
2600303
2600180
2600393
2600007
2900587
2900354
2900633
18408676
2900234
2900550
18362677
2900044
2900469
2900219
2900473
2900020
2900562
18413814
18235390
2900640
18271459
18377283
18408600
2900012
18436042
122003
121552
121214
121553
121312
121335
120014
123125
120221
122064
120203
120219
121425
123010
123294
121120
122940
122830
69024
72475
70431
71443
73088
18423075
70890
71492
70092
70393
70894
73279
69951
72497
65413
70497
65055
18384227
72604
66457
18260777
3000107
3000132
3000122
3001032
3000021
18434000
3000195
3000126
18280306
3001489
3000770
3000062
3000016
3000014
3000001
3001321
3000996
3001065
3000048
3500012
3500007
3500017
3500018
3500011
18416632
18279289
18408585
3500059
3500081
17971273
3500365
3500013
3500024
3500488
3500505
3500010
3500414
18440677
3500484
301728
5992
301730
301729
301731
311053
9299
9178
18477319
18433852
304046
309936
309927
18377449
18465871
18472646
18037826
301163
4931
1804
312102
18217857
18471268
18381244
18408041
311051
18133510
308380
6077
308082
309558
8128
304062
9785
312514
308961
308963
308962
8169
309368
18472429
18472418
18472426
18450934
6025
6013
8153
18471296
18279477
18359331
301151
18204479
2198
18434243
18273628
18471262
18258480
9698
8326
18270379
304006
308957
18427216
18433315
8266
18383469
1367
9650
308335
18391065
301193
18107832
18089254
312981
18082235
18138421
18421965
303267
7471
18219542
18355112
18270895
18313839
5005
1820
3863
9814
18474912
18161568
18416829
18400756
301177
6161
2565
3866
18250288
1430
18393702
6152
306962
18445360
6150
18421024
18471260
18367316
18466931
18466420
18464607
18464631
301170
18466939
18380180
18466407
304001
8319
303871
8321
311047
8320
8308
18303717
304004
18472625
18420432
9824
8029
312788
309672
18359861
18439547
18241538
18452730
18317486
18432933
18452267
18466980
18469937
18466937
18433879
18369105
18133473
18458540
18482753
8167
18463990
18353030
18420465
309656
305235
309654
18480389
18446428
4462
18469962
18380284
1414
304112
18472443
18456807
18471284
18471328
18204478
18444264
9224
8054
304114
1413
1715
4464
5010
301127
9233
18471246
18446082
18396398
18471244
18367078
18469976
18381643
18471327
18469936
18433895
313089
18349251
18344478
18089775
18424179
309632
312874
18107870
18237362
18277177
18345740
18472651
313076
18380159
18377907
18292444
307084
305618
307803
18419654
18471285
313040
17982346
18204501
1823
6143
8297
8318
18458631
18382355
312842
312084
18247033
18126118
18429393
18241905
18425750
18261694
18365998
18273572
18363078
18356019
312688
18381668
18287397
18294253
18471304
8026
18265697
307151
18107844
18337896
18261699
18306531
303571
8099
18477428
8037
18471308
18471318
18471320
18460293
18446418
9496
312967
18449815
2680
2679
8417
309757
307903
313502
18409175
18456342
18244229
300713
8623
1318
311523
8590
8583
300756
4239
18168161
18381223
18034077
3824
2572
8595
309702
8601
1683
301670
17953902
130409
130275
130332
130230
16519268
16512186
16512333
16512336
16519168
130021
130567
130008
16519267
130535
130699
16512168
130888
16519231
16541849
18022206
18396451
18237941
2787
3431
303699
5915
7076
311866
300439
18458334
18353710
18291229
18398616
18430561
18445248
18313132
18433874
18291231
18477541
18352271
18291233
18441809
18349508
18217127
18471335
18458335
18429842
5904
5876
872
18365849
227
3446
300100
8597
3449
303749
18349898
18349892
18425752
7507
300490
300488
18306521
309090
18441709
18441707
304832
311297
303858
302288
18233573
309015
18382344
18254537
4358
2443
270
309252
18303709
18409224
18277179
308570
308263
306133
306142
308609
18383453
305478
308357
306128
308020
309883
306132
306956
305862
307309
306131
306127
313149
306001
308016
18336509
18336176
18383472
18292448
306134
306946
18289242
18277030
306153
308022
305905
18245277
305670
305815
18208920
306046
18381226
4992
300749
278
225
18337929
5960
1664
157
18235155
310211
3346
310854
18247015
309387
7418
1455
18241867
308889
4620
18322666
311718
18255106
4876
631
226
8805
3540
311579
303709
18391156
301319
158
1360
310737
4762
311736
311116
3483
18308025
307272
18025115
18454285
1687
308605
18422652
18131568
18034048
18138457
313272
9778
312523
18424575
18204463
307627
301302
312995
308577
313376
312536
310385
18464003
18349915
18299228
18034074
311080
18462603
18481295
18472765
18499452
18500652
18361580
18417487
18462605
18462609
3565
18367364
1028
308673
18383473
18444416
18161609
611
18322677
18204847
308044
18294819
309697
18444353
304185
18383489
312022
18425765
2827
18223957
18492107
300074
305096
18336206
303094
306858
312562
307935
302184
1694
309541
18161587
18258475
313209
302229
18441196
18398610
18237322
309696
18357544
18431563
18337747
18258477
18396189
6915
18233576
18256890
18384115
18352208
4171
18238279
18286517
575
18280305
18359286
18450609
18237324
18461214
18294226
18383513
18372311
4172
310525
300054
301278
18451182
18384142
18241498
18265384
311494
7078
307185
18371404
18281982
311725
18365994
18254524
18070480
312261
18433890
18138434
303100
18025125
18425140
18241497
18153541
18339049
18232093
18361762
18025098
18337913
18138446
18383447
18381262
18349894
304552
4618
307366
18366026
9895
18453035
302455
308248
313047
8241
18341926
308023
311486
18138430
18361778
9742
7518
7516
3586
313264
311805
308897
2825
9674
18276997
18336180
311061
18312471
18378048
18462584
5019
4719
305400
309141
302880
303960
9773
309125
18463965
18408054
2091
305790
3445
312111
2475
18361772
308553
307043
307304
18427868
2148
18450874
18408063
18393697
8931
306880
18408031
304897
309136
307580
18430557
18441771
18460311
18161583
18237346
311662
18430602
5172
6643
300978
311640
311629
303430
303486
309423
309421
308390
308473
308997
308470
308477
307786
308447
17977796
17977757
4256
18306548
5032
7472
302336
8413
8437
8019
307416
18369743
307533
307225
307426
6700
300538
4879
18198441
18334445
302920
18430882
313204
303477
5230
3582
303470
429
18034040
17953932
312668
997
2144
305682
17953934
3855
310445
892
2056
307509
797
308013
2760
8913
311759
18446889
9957
308840
18432226
311777
2064
311758
514
18408212
2061
2458
420
1599
159
300119
18466924
18354984
1096
18336208
3213
18381642
338
1245
18381233
18153552
18082232
3585
305698
18337917
6847
8147
18198825
302044
18399220
5084
302024
18396399
309987
18358183
304713
18396200
301358
6834
6835
302041
310412
18350120
301989
2107
1029
18144475
18331053
18383525
1019
18311926
302037
18396397
302027
306938
17977759
309986
301800
2177
304718
310493
18017239
18372397
304700
18492087
18396391
18370499
18336543
3603
313043
230
18322641
18391155
18285742
18285725
18383488
18285745
18391159
18391132
18272387
8651
18291436
301936
18264717
7083
312105
18311942
18430874
18144481
18264977
303859
5106
308726
303209
18375401
18396428
18396178
18346735
303697
18463987
18463989
304771
311850
18471289
18324432
18476508
18350153
18472669
18463993
18476498
18471248
18464002
18478377
18244261
18274332
18460280
18263500
18463994
18449816
309341
18423904
18462613
18396180
303865
7096
18463972
18463996
18463992
18393708
306037
5720
5721
1670
7573
3243
305171
3536
6743
18458663
312269
308732
6747
6804
301506
1284
1313
301737
18455518
18398606
309030
3909
4290
1452
303779
554
3953
18368009
305242
18419914
303730
18462214
309272
18311957
18218304
18252419
606
18133490
18291476
2071
18445653
18466800
303743
300174
18461280
6709
18070491
302907
889
18337904
18415355
853
2620
310155
5061
18460326
18471259
4122
1140
1145
887
18461599
18387990
9169
5129
1131
303747
329
303765
7225
18382626
5068
18500628
18268726
6913
18398604
300156
18241516
311166
18025110
308223
6832
18286626
311770
301221
8833
312438
18153548
18449792
18380639
17953920
2154
18384112
9646
18482069
18451168
18492042
310632
18481290
18469972
18342375
310515
18449658
18396426
18489522
18444299
18449785
18449662
18432664
304793
302256
18312631
18449666
18396191
302251
18466943
18238248
18420426
18466973
18446482
18372325
18291458
18485789
313477
18133515
18312451
18312606
18144444
18492641
18463956
18365988
18463970
309867
18412887
18423107
4121
305072
18421938
18481321
18489829
18414487
18449656
313105
300772
836
3606
305996
18418247
18365987
18337894
4398
18336483
496
4133
5065
313393
5052
18128900
309339
5104
18254529
17953909
310203
18238250
305272
1851
18446415
18261703
18241517
18252386
18281955
4959
18037822
3575
18273972
8430
18157413
18422475
18435794
18429166
18264995
18025114
310799
306719
18285721
598
300066
18396412
18249121
18241877
310461
18385781
18360098
300491
307678
18352295
18451594
18391176
313456
304518
6896
18441701
4154
18376925
2180
18224532
18356357
18175268
5004
308617
304351
18354655
18391141
18492062
18324806
18354665
309543
18419875
18358189
18352250
18435789
308199
18393717
18458642
18458635
18447121
18313136
18358175
18357944
18384132
18458643
18292436
18345759
18352657
18458637
18352655
18458641
304142
18433016
312683
18037824
303848
18273536
18291450
18345780
18303712
309021
306477
18303698
18381664
18161601
18279913
18268733
18204811
18476542
18279459
18409216
313408
18345770
18499475
18034069
18396431
18392211
18291213
18350136
310454
18446413
18499471
18124387
18499459
894
5079
18289241
18352682
18352658
18241896
18363062
18380197
18472639
18351822
18388168
18472449
18314053
300654
18144467
18332527
18423797
18265424
311534
18124345
5190
310235
18251519
6764
18345767
313401
307398
309763
18439540
5011
18265720
18444356
18419894
18254541
18393709
18421493
18464628
18398590
18476986
312560
18391166
18464624
18464616
18393725
18438453
18365603
18388039
18495252
18421502
18464630
18335897
5935
18421476
305140
18464618
18464626
18261727
18319384
306540
304524
2087
18439516
5588
311975
6897
313122
306976
308191
18336484
312665
18357570
310829
9852
18357912
311455
18398839
1920
358
5080
1655
18397469
1654
18462602
18479007
18409187
18357945
313085
307502
18237318
18336504
18277212
18411846
300938
309466
303606
18441175
18292438
301383
310500
6867
301310
18232128
4820
306883
4817
18423106
18161567
303003
309033
18258571
18322684
18261309
304192
18381235
18365865
18282037
18415385
18180062
18368007
18383504
17977749
312684
18303696
303174
6877
306975
18014135
18306533
18441539
18340217
18246068
304564
312265
18378807
18205653
18458345
311428
18435818
313316
7528
1216
305662
305792
305776
18355106
308274
3538
18420450
306401
18257542
9290
301499
18025103
18424627
18403465
18372668
18224536
18128902
18138454
4602
18341082
18382055
18391189
311837
254
308113
18365890
18354631
18336214
18265365
18363405
18322661
18261725
18157408
18429378
18439519
18433295
18391171
18400489
18411599
18265082
313275
18343001
18377905
18406140
18472606
18451577
312540
18386419
18412886
18421029
18332044
18306553
309451
18203171
312570
18273621
305919
304520
18292458
4215
18360143
18423890
312555
18420454
3961
3288
7231
18291211
5768
304276
304279
5717
7496
309377
5042
5044
5046
310700
310699
2711
2710
18285736
18291200
18291198
18446404
6690
306032
18216898
310487
18352277
4185
18374686
310870
18435802
311788
312301
18175242
18350142
18463967
18463954
18463969
18350144
18466414
18332976
18412860
18391133
18311952
18350138
313078
18265716
18382370
18421451
18427204
18352171
18458633
18306504
18458319
18463955
18337883
18391145
18277216
312592
9273
309134
18458638
18337882
18237342
18383550
302243
18294576
18233603
304182
18396424
9967
18350125
302248
310531
312708
18175288
18124368
18371415
305687
309642
18273546
18349911
300652
302239
18458317
18237348
18311959
309308
301559
301562
311480
303866
4188
311844
308681
2817
5927
301734
309851
300097
18466966
306524
1453
1451
300082
313479
9122
3559
18265678
2165
6769
18441791
1454
6775
306043
2100712
2100478
18384506
2100108
2100921
2100565
2100870
2100861
18381932
18397909
2100702
2100101
2100322
2100784
2100849
18480196
2100719
2100676
2100074
18224282
2100776
90744
18452864
97824
18443506
90847
18280329
96626
94286
96776
18418733
18418730
93766
18356469
97503
92577
18307251
18313013
18312984
1401756
1400544
18254231
1402314
1400466
1401934
1401548
1400460
1400056
1400169
1400186
1402335
1400555
1401948
18395137
1400121
1402028
1401857
1402089
1402050
101212
101834
101884
102813
101259
103065
100080
103147
101311
100305
102215
102216
18209498
103019
103090
102531
100306
18454586
102504
102867
2300061
2300483
2300065
18377936
2300188
18407105
2300497
2300183
2300476
2300018
18312106
2300042
2300048
2300058
2300162
2300003
2300176
2300187
2300009
18391601
900682
95361
95421
95256
95286
900969
95333
900547
901089
901035
900561
900524
900800
95304
900533
901004
900111
95331
900032
900282
18217475
18249144
18017612
18377112
20002
18343731
25664
25587
24530
20747
21220
25570
20350
20870
20404
24286
20842
18259462
24452
18017615
800468
801675
801690
801684
18296995
800237
800273
18375866
801170
801636
18385021
801640
801269
801693
800483
800891
800326
801384
800089
801247
800576
15239
18444271
15005
15221
15292
15309
18400368
15132
15705
15078
15104
15774
15008
15321
15368
15853
15497
15091
15777
15717
3100446
3100159
3100010
3100145
3100013
3100143
3100033
3100153
3100142
3100030
18237384
3100008
3100148
3100044
3100441
3100302
3100422
3100014
3100448
3100017
18424018
35217
18447068
18458563
18075122
18233317
18237753
18388642
18463285
16527711
18313566
49003
18441580
34757
18408295
18216876
17806994
18435740
18318116
18270976
49486
3600252
3600265
3600375
3600015
3600012
3600013
3600071
3600192
3600119
3600352
3600009
3600361
3600148
3600436
3600008
3600354
3600285
3600072
3600022
3600014
3301308
3300780
3301236
3300369
3301013
3300741
3300138
3300949
3300065
3300416
3301169
3300061
3300107
3300058
3300057
3300041
3300958
3300707
3300070
3301035
1600227
1600280
1600169
1600109
1600108
1600258
1600252
1600007
1600053
1600326
1600307
1600219
1600067
1600039
1600029
1600292
1600298
1600095
1600205
1600212
18287358
18216944
313333
18384127
582
18414465
304243
3554
18369872
948
2853
18433900
18425159
310958
18334443
18255141
197
308235
18258757
307383
18386746
18337885
310491
18337789
18222573
3370
307439
1078
9340
306761
7580
7584
7582
18351495
7594
7583
7610
18412603
7639
18441545
9971
18451572
7593
301440
7585
306531
18354658
18337782
18258759
18057805
3428
18425771
18304836
18311951
18401128
18354667
18431379
18311953
18361522
18425780
18489513
306795
7249
7246
310723
7253
18180041
18434414
4905
18421232
7228
7068
302152
312300
5565
307113
6258
6094
304592
18421481
310874
18313972
18128860
310877
304687
312444
18337975
18124373
305913
310447
310858
18332083
18361241
305630
18034049
6092
18124361
6088
18394366
18354639
311657
18350112
18377924
18428216
18421050
18377887
18421693
18418263
18421457
18421463
18268361
18445804
18347812
18377920
311544
18377915
18421058
18335692
18429396
179
307843
18421042
3295
18414499
18441775
18427565
18395381
310281
18207831
5452
18374418
18258778
6560
3322
18249102
18241609
8743
5294
4651
5315
6577
309395
300784
18430692
309503
3326
309384
3079
303093
309375
18441672
18446423
18462588
18460330
18361739
312338
18057828
18361700
18383541
18248970
18395538
18446396
313193
18457050
18375413
18458325
5296
310802
310777
309
18390678
3329
18216896
307767
3332
980
18232098
6574
2379
309390
300809
1192
310803
18250797
198
18449782
18057820
310215
306841
18412952
18432191
18375420
6286
1914
18163907
18344490
18412878
18294263
588
7150
18264634
301534
8340
18400739
304954
18400737
18382583
18249122
7354
9267
7352
304211
262
4621
2134
303472
758
7217
307054
771
171
304675
3269
3935
4166
3936
5227
1862
819
2236
4150
6394
1867
2608
8388
3465
301581
823
18421499
846
816
4055
18312487
1630
308261
2587
849
848
852
312194
7643
3238
18396184
847
7575
850
311856
851
18228885
824
301102
18238246
6003
18469659
18288994
845
18466422
815
305296
6079
6117
18082202
308574
6123
312157
302490
304697
307713
18384137
5459
311703
308006
4053
5468
5453
681
308008
18272386
306380
312936
6698
9961
312925
18342132
18323461
5466
18232088
304743
18128897
18211151
5460
311492
303643
9156
9160
18235302
9157
9159
6706
18082089
312693
308209
306017
304737
308318
552
6704
309722
18286206
308894
7545
9165
5458
5467
9161
302869
1889
18466395
18469682
18466396
18466402
302859
308533
18462596
18333489
18408052
302871
18425711
310678
300178
1155
9166
18264992
18282012
303642
18281967
18082228
301287
308192
306015
311002
313511
311022
303644
307218
304018
18239781
18364354
18175256
7623
17953899
309756
2595
7620
309161
18249081
3632
7602
1712
300984
18429374
18354627
301522
4973
3504
18459885
301405
18457499
18445801
18355107
18175328
7613
7599
302936
4608
7636
18373691
7634
306028
311637
18396171
18282004
17989134
18371396
18396942
18311930
18481320
7635
7601
18471314
309080
1358
5890
306513
3089
7061
18466981
311093
1055
18144470
4089
311030
9927
18261146
18424867
18361206
18424863
18361208
18398580
18424871
18245298
2578
709
1530
1401
602
18175255
2245
2585
908
924
7715
9476
7686
305621
1324
927
929
18256780
53
307271
596
1127
4237
6357
18124357
2913
3506
6957
304154
320
310097
18418277
310143
18357940
300595
55
3168
310448
18237356
303034
18070476
18208892
18157403
18306523
309664
302878
18237315
305453
308804
311373
143
308772
7855
66
18235515
18247029
2298
310490
1896
18157384
2903
301653
2195
7367
309586
18398577
18435302
9747
312603
177
9959
17953940
18441674
307485
311057
309955
870
18265711
312601
3393
2504
249
18423119
18255131
306497
308244
1286
4815
310463
5738
302310
5608
307535
302156
18238278
905
18281985
307060
18425735
313256
18337893
307190
309790
1800
301605
3394
930
309073
18414481
18469940
18380361
18241537
309478
7713
301489
18219558
18216915
306913
307036
67
18233593
310123
18198427
18279449
18237357
18254558
18246991
309859
18294220
900
18294269
301011
18423151
18454488
308579
910
18216901
301114
4249
18222559
303204
8881
310435
309051
1258
2308
195
307940
2299
5997
6030
307362
307361
3105
9960
18014114
3894
306479
3183
5451
5464
3182
18057826
18275791
18261700
18228864
310792
18222587
309530
5462
3181
9912
3180
4092
18261683
4715
481
302232
1044
3185
18292467
18390082
18466971
18449652
18288623
18345506
18397709
18294896
6678
18351471
18206818
5463
18345380
5450
18292465
18292472
18449638
18449640
18492527
303637
304181
308183
313059
763
7557
525
7561
18387105
18451576
580
308703
60
305123
18265689
199
756
309801
18433907
311511
308279
7621
306779
312980
18222580
2878
8902
18374707
678
3568
18354969
313242
309838
437
18303851
307500
736
18294230
7851
2437
573
9706
1507
302655
705
1395
18418273
2067
3492
576
311211
311661
566
556
18322644
17953931
18396187
730
18247032
570
760
134
3039
310816
304735
306
312586
451
18254518
18419886
8987
18472678
9879
18472675
18355127
18357956
9569
305269
18415346
4268
18350143
18161723
18232097
309882
303215
18400744
312567
305
18363787
305646
18419649
18313109
18478723
18348614
6953
7691
3252
18400732
18337757
9014
9453
18273614
6625
300869
18256980
2279
307894
6949
311962
9433
4065
5767
7681
18395106
5436
18370586
306847
4857
4088
9969
307106
5909
2287
2288
312391
302370
9779
307387
18350499
2290
18161577
6647
313267
5455
3401
18456762
4825
311674
6646
304307
18421487
18277324
18455950
18463988
18463995
18426904
18124356
18420653
18432553
18388132
6608
300883
3036
18342940
6144
18365861
304262
312345
306407
7777
3167
302555
309841
3158
7814
7770
7789
302537
7790
18025092
7768
302264
300975
7772
7834
302542
7774
7769
7788
309037
18454058
312579
18398753
301313
301305
18124346
310664
6266
5060
312566
18368621
310319
302497
302528
305209
313046
313473
9817
18255138
309727
18204499
311187
301498
18378033
309043
308509
6242
303994
9002
307364
18265385
18424632
301316
18378032
18128881
18378035
18435806
18471239
18435819
18376475
18378043
18424636
18424625
18377889
18435822
18429577
18424642
18378039
18378037
311037
18435816
18128868
18350160
18378030
18209806
18153563
357
8453
306856
18332009
6875
2530
5260
3224
5293
307578
18445798
4919
4921
307321
2616
302212
3814
8201
306571
2300
3719
9720
3192
305781
18337927
2615
2893
18237314
2436
306572
2301
312542
310887
7256
8593
311353
311423
7247
8396
308544
301237
300408
9657
18370535
307167
303264
311712
9886
9891
9887
7893
18266888
7884
18377458
7897
18391937
7888
18037834
312605
7876
18358157
18272344
18458308
4302
7886
7873
303625
310794
920
18381237
18371426
312173
18361752
9883
18355117
18355119
18414496
18380379
18409218
18432652
18388133
18423121
305402
18415664
18356776
18427222
9884
18425767
3479
18414469
313419
18358162
18355111
18355115
18273617
18357958
18331598
18419884
18362795
9876
18312598
18454461
8959
304176
8822
511
309166
18268708
18265722
18453878
309013
305077
5262
7375
18337880
306978
18312478
3979
18336207
7377
307506
3125
305674
18391167
8727
3980
312183
311945
3126
18475269
303124
18034042
201
303575
410
308107
4885
18273627
311539
2635
18237962
18261486
18423116
18423112
18258777
18491227
304531
18420433
17977786
18412868
311216
311327
7372
306016
304906
18447890
18375391
18355123
304915
304913
304923
309738
18261188
18336192
18277187
18381663
304917
306031
18180083
18336213
304239
18294261
305240
304299
305547
305545
305549
305546
305548
9640
6200
18128883
305810
4631
302682
2004
18359294
18359292
18441790
4283
18335816
17977792
301214
312227
303860
18244236
305577
18014118
5996
313487
313004
312942
309168
308994
312943
18455553
18377929
18472628
18435335
18435787
18435331
18364846
18438446
18446496
18454568
18421462
18435303
18435314
18435315
18418234
18421470
18472613
18435307
18378015
18460925
9909
18423111
18469938
651
17953916
18168168
7589
1934
4385
309477
9835
147
18237320
9980
732
311515
309520
18400736
18255193
311584
702
18313122
309156
18268706
18415352
3620
1902
18434596
311671
2653
18377926
309820
18034050
18382372
302478
18466978
9840
18279463
18317517
1215
18241531
3589
1056
5797
300007
303288
18371438
308766
18203180
305166
18291475
311737
18363391
18271497
18456728
310776
18456764
18418209
18382342
312302
18312632
18386761
307065
9834
18025105
18396409
18365895
308865
18278203
305652
4299
18423108
17953926
310321
69
202
309902
1916
5735
2591
306264
305817
18432940
311690
309072
18277002
18433883
301435
18352256
308367
309741
18241869
305125
312270
18249082
18279452
305303
18354645
1218
8429
7819
785
312486
1922
7642
64
18413250
312787
3611
309815
1018
8689
18383512
308238
5944
285
304635
1021
307532
1913
311601
18254553
4821
308018
310342
307344
307801
18462002
18208886
18435305
18260641
18349921
18380149
2649
601
18462572
309105
18089222
309688
18334422
18365388
18312607
309322
18429154
18336220
203
18414479
1625
2899
18180081
473
18355419
18432237
259
7316
18222566
443
308315
769
312011
65
9672
472
3400
18337744
18268360
4096
18358700
2217
18398571
1621
18425177
18481289
18424593
18383432
18412904
18481294
18354330
304230
18372315
18430894
18250897
18261052
3468
18463949
310949
18356808
18361758
312755
18241525
313492
18472658
18418248
18427869
310948
18463997
18337898
18427234
18382697
18400720
3363
310592
18455511
18361763
18124350
18408045
18455515
18489838
18441835
18361202
18463978
18124389
18492048
18463985
18124352
9442
18361755
18455513
18481309
18499482
18446394
18431175
18375397
6628
4079
9392
9386
312400
310982
9421
1147
18057825
18444811
9366
18361754
18245254
18219524
305276
312355
6599
300022
6605
18034044
300946
18457090
310409
307228
18464633
18358668
18361743
18245285
18364336
18358207
312357
18464627
18431125
18361741
18464621
18449634
18361745
18124390
18464637
5897
18381236
18416840
18222563
18449796
18471243
652
9841
313482
308599
807
18423871
308188
3156
306319
311033
4250
300607
301325
308277
301328
18313482
18287406
18354624
307025
18469980
309593
18252376
312809
304546
301327
303170
306658
300564
5630
306511
306247
18245263
305040
673
304542
18349919
4251
305736
308257
18359259
18335682
303716
18430873
18440414
5267
310259
18402768
18418258
18427205
18472618
18424902
18427209
18336472
18163900
18425757
18427218
18352684
18423135
18472605
18224537
18494204
18425738
18418229
18425748
18287398
18436439
18365575
307490
301001
8369
304296
18082196
307931
313304
5732
301131
312437
301442
301574
308463
304027
307330
306334
5030
8893
308322
3392
18408040
307360
89
18208924
303092
307436
306510
312801
3293
422
3260
1267
18273067
18312623
308069
308068
4367
4364
310365
4366
4365
18419892
4357
3379
3264
4368
4356
3378
310032
18481317
18436483
18245249
301448
18425152
312231
18057802
307622
18475283
18481278
311546
1546
4673
18440187
304304
18107859
303582
306595
305348
303586
18289231
9803
3700
3093
308849
301149
305159
6256
18258483
9806
303590
311263
303592
18228856
18308458
18378062
18464687
18428622
18432941
18264980
18378025
18493572
18441696
18421488
308853
312864
18492957
18439029
18441698
18440175
18258502
18440143
18460414
18377928
6777
8376
8619
18228125
306026
302636
18376494
2745
2742
309548
311078
18144464
311117
303261
18037812
18037793
301818
18427235
307002
18037806
309087
18367977
1106
301857
302836
18279090
300502
18203169
306891
6959
18282019
2399
5420
8521
18292455
4000
18241858
310732
300522
18408034
301803
18282017
18455615
5400
300561
301823
18282009
6978
18281946
6052
5965
18381639
18289278
308716
306985
307861
18429381
18366009
18415357
300501
307006
18424895
18282015
306974
18431980
18429401
301822
18367979
18366025
18456774
18458301
18037794
18454474
18245258
17977777
18349901
18349910
304091
18420675
308014
18291241
18336178
18454466
993
305598
18336494
18340727
308001
18396855
18261688
18208922
18308432
18408050
18349897
18336488
18454468
18451575
18079620
304617
463
18291442
300430
533
18365984
18057812
7012
313194
18466975
8365
307699
305723
18175283
4018
4019
482
355
1104
300994
310691
303247
311616
7025
301335
4016
18238968
18175340
313498
18421049
18345739
18261158
4010
309283
17977755
5388
4723
311889
311922
185
18268370
4021
300527
18219547
18412874
18244719
18322665
7018
18446409
7891
304445
18337922
18357562
9602
310305
18025100
18355110
18322676
308488
7874
18313115
302514
9573
7892
9568
3681
3337
310101
7889
7879
310469
18449787
303608
307785
310100
310468
3339
18369763
312949
3684
18463963
18357554
310102
18243438
18419915
18479001
18419906
18419911
18419919
18294233
18419901
18481273
18313119
18486830
18453186
18354663
18419897
18481322
18357557
18025096
18286922
18458302
18447302
300744
8509
3338
18133513
619
300581
300577
6174
300593
300589
261
18400724
300591
18372578
307371
300584
18462606
18357558
18345728
301301
18249111
308280
309807
8451
3782
18168125
311982
182
18349923
311871
8911
18398618
18486847
18394362
18380392
18458647
18124375
300582
18306547
18424189
899
18357911
7901
309778
18359262
18358682
18413811
8160
18240023
306038
18337775
18241514
7912
18387753
9700
307342
301898
18322937
18303834
18241883
18285180
18464001
7908
4503
4502
4499
4235
4500
4234
4501
308243
703
18334427
310529
309844
306034
303604
1505
303583
18175324
18391147
301130
18354985
18414503
7807
300887
306251
18144453
7862
7857
2874
18458625
18252369
18228895
2583
304876
308407
18492050
18492052
18449620
18452403
18425740
18313153
18435830
18473378
18452241
3190
3041
18441798
306505
302868
7383
302793
9993
9985
18138461
306957
7590
9620
302884
309238
309609
18414477
9992
18224572
312594
312728
18025133
7329
302892
302893
309533
18376487
302895
302896
9776
18245255
309648
18285214
302938
18396545
18414495
311891
312372
8949
302898
302710
9998
18317229
9623
3634
7382
1866
304783
302811
308664
18133506
305293
2211
9622
18281989
18365855
309737
18386707
309338
18380155
18372686
3610
3054
311267
307951
1876
412
3635
9654
18354973
18392883
18446815
311014
4325
18322653
9557
9470
306491
18416860
640
305161
306149
1197
18198467
311903
18458665
6651
311076
9001
8995
18489508
7689
307959
18222571
310202
301470
5433
18349733
18421019
18317510
303104
8991
6662
18365889
18245268
309856
309604
18332062
6658
9644
18349974
2267
18377630
18289256
300849
6675
18430598
303082
18445775
309805
302972
7667
307327
304461
300854
306402
18157402
2272
18261675
18458347
307415
8985
6667
18294234
18458013
18218265
18460325
18458658
18458655
4227
18418240
5083
302254
300973
307069
305289
18376493
307989
310899
18322591
18486915
302488
3173
313413
307818
310332
2295
18361742
303578
18429394
6705
18250020
18235498
300910
18317477
308638
1270
18268715
312518
304028
7422
306096
7450
306106
303963
18124379
310758
309606
2408
309560
306405
5529
9459
300359
18128869
9011
5507
303704
1924
300257
7534
1925
311719
1926
306392
306338
1905
300350
7424
1906
1908
1618
309064
1931
18277018
18425764
1933
2411
18377922
18138437
4655
18289258
18198463
300347
18423807
300661
18349796
306643
305758
18240475
18238241
306071
8864
9643
9016
300594
8872
2407
7526
306403
1301
1904
18322672
5560
307332
311755
18396684
18453049
312000
18203154
305360
1923
8933
312003
18446504
3541
189
18322651
5586
303574
304628
4624
1614
8244
3406
309576
4741
310674
1901
813
304989
300642
307284
844
308337
307822
3425
6271
312710
18255125
18285728
305686
154
18361747
9618
307370
307802
307799
18486842
18419910
4296
2632
7227
18221038
313299
300656
313207
309788
18082237
311531
18273615
17953908
305722
18430600
18441800
18337965
300452
5590
18070502
312098
303635
302456
9549
306488
302142
18350118
7396
18435836
18277180
18366018
308555
306662
310253
5664
18460329
18360284
9552
308156
308189
300448
311944
9550
18198179
7400
309289
18365872
9050
18366011
305720
4036
5658
5659
18265677
309998
18201995
306245
306168
18365996
311448
303350
18378056
9513
18303704
308111
312922
3918
308784
2316
2315
313307
301208
18386203
18258507
313091
313381
301201
309496
2297
305003
306310
18332058
18128895
312747
6128
304994
313132
18423095
18378024
313508
301213
8293
309495
305565
309489
3772
301204
18421495
306656
18126085
308942
309254
301417
301203
18014143
309793
6131
309498
1274
18431416
309481
301207
18409201
308938
18282453
18434966
18349764
18421474
18377904
18421482
18433869
18376495
309483
18217428
18323446
18423892
18432000
18261956
18378017
18126099
18423101
18376513
18432218
18255168
18384143
18222598
18431979
313225
18423103
308940
18433871
308928
18469838
18458342
18382338
17977751
18382373
18485936
18415370
18363216
18472689
18385727
18414508
9571
313491
18260714
310344
9875
18396161
9572
18371289
18356840
303784
9906
305581
9588
312798
18361738
9579
309816
307283
311150
18294237
18455557
18425773
310358
18425161
308704
18323603
18025089
18264993
18429151
18429161
18425781
18446391
18481310
18425777
18429157
18265712
9599
18425148
18265724
18458659
18424905
18410302
7856
18365894
18441523
18400728
310345
9596
302577
18334458
4847
2601
3490
18349930
7735
301239
7861
491
553
18426285
18345810
7906
311593
18466740
1533
9529
311466
5358
301532
18336529
301530
18317975
18469935
300874
18357561
18445793
18458348
18449646
18445784
18378861
301677
8537
18268367
18244534
8517
310653
312479
18222593
2012
6265
9829
311949
18421027
304957
305948
306113
305987
4935
313265
18414470
18377903
300729
9850
4939
18416369
311194
1205
305949
18400760
18372696
9849
305298
18451584
18291212
6072
308253
18354257
6095
305942
18208895
309190
18472702
311331
18418242
18365372
18415367
18382755
312385
18345730
312639
18381652
18440186
18421464
18440394
18441680
6122
584
4725
18070486
3943
3246
4380
6600
3937
3235
306815
5869
18273623
2997
3371
3003
3004
3744
9996
2999
9929
3002
5899
2995
9316
311766
3493
18027962
1407
1917
3497
3494
18222557
1397
18346857
6222
5727
776
305604
18391309
18255171
313280
18279453
9315
18438416
303753
7515
308195
306088
307223
18472648
658
304931
18277165
1819
6203
5840
307695
307693
301654
307696
6202
300888
307694
311470
307692
4924
302742
18471330
6269
18423145
18444040
18391691
1188
7353
7365
303851
9097
7317
311067
305201
18312458
7332
305180
4312
18356811
7315
9145
18025111
303958
4311
7309
7307
4315
305151
7366
9141
18333396
7363
305181
18403469
18416845
302475
18489805
302473
18361932
18414467
18358665
18427203
18358663
18489807
305183
305153
18372674
18356797
18414511
18408033
18358661
18180072
18311961
18416830
18357534
18356819
18356795
18357529
311666
18357541
312970
305190
303149
18168164
18489540
18268344
309219
9129
18358657
312972
18415377
18489534
18313112
18416842
7362
305189
3286
4374
4373
18232577
18317502
18410770
18303701
18272391
18422748
18424643
18481209
304280
18272389
18261164
18391757
18273526
309101
18446419
18424639
18446411
18424646
18261162
18273530
18446424
18272385
18424635
18272376
18368943
308286
18261723
18463424
650
1037
6377
311609
18175252
309448
2863
5135
300828
18238307
1040
18285199
303423
18354972
18332076
1406
308444
309452
310312
305162
18471299
4855
18272382
313398
307746
3043
301190
18233599
1036
310665
18322671
18353692
18365877
310848
18398602
18376472
18455531
18208912
2586
301722
18285729
305526
18357542
18291199
5726
302922
7658
18286490
7654
18254534
9100
6475
300302
304302
306166
18345755
9751
2867
8346
305871
18425151
998
452
18163892
18432219
18458339
18375421
209
18428394
1030
7661
6179
18446475
311161
313206
18334452
18253111
18219545
18348970
18334465
18272370
311846
311432
304972
18356812
18294392
308489
313175
301842
311378
301830
18323144
311377
301848
307998
5940
301826
312923
301817
301820
18460315
301809
18368012
18429423
6180
301108
8105
313185
8109
304267
313351
309227
18285695
18146358
312715
311245
6173
301353
300957
312703
6183
301037
8069
306107
308359
18260604
6185
304259
300959
18238249
309346
307306
18203881
18138441
8531
18267785
8110
18281964
2932
6182
18324529
308237
311894
300960
308222
18258510
308526
301118
309551
9736
18022625
18420679
301361
312991
18277153
18273548
18399818
8062
304254
18469823
18057803
18208900
18420694
18438463
18317329
18442896
18494989
18432170
18489526
18375372
8108
6237
311993
18479003
18472612
18357972
18375388
18292453
18421494
8033
18360957
18281993
18282003
18421492
6190
2017
308812
308848
301056
301692
18265707
18368006
18225277
2936
18291201
3854
308831
301062
5186
3851
305357
2019
305370
301053
308844
308839
18440191
18203185
301047
312492
4672
311336
18379056
18440185
18440429
2942
301103
18292451
9740
301106
6225
301120
307850
18292449
301116
8462
309599
309499
300958
301105
311228
6226
311229
306555
301110
304986
311256
307847
18376492
6216
313360
18490756
18375376
18089212
18375395
18237719
18082236
18375383
309979
18025093
307990
309517
18489842
18350159
18375201
18025127
18478990
18433297
18472695
18415339
311683
313073
18415338
18168122
18478992
18168124
18414506
18409207
6341
1951
250
312753
312983
18492029
18489541
18486862
18492025
18352672
18489825
18340302
18489819
18175297
18034037
18175282
18489532
18277178
18408079
18232989
18492033
18489832
18467388
18175299
18337908
18463608
18489836
18277163
18489545
18277176
18175278
18489808
18446867
18486879
18489852
18489804
18489802
3207
4752
4830
4341
307237
18260028
18317481
18317473
18317479
18317476
18317483
312576
5347
300945
300934
3223
307554
967
6196
18381220
2491
1041
982
18352186
9380
1303
18168462
311734
2291
9427
5874
3375
312353
180
18057822
6607
18247031
18264447
300911
4090
5729
309704
964
307333
5765
18037821
18400738
307730
305251
312087
18070503
18454460
18419902
307356
8580
18324914
300473
306250
18356784
8373
308101
8840
18228870
7066
305479
8845
7509
302715
18241509
18277003
7547
301236
18082630
7548
310419
4634
18228874
18433904
312145
304585
312916
313006
305861
9026
309178
18249097
308880
18382113
18241861
310162
303589
311459
9053
312893
18273640
308130
5663
18247005
18449827
18342574
18391689
304573
304586
18449629
18451179
18451158
18451166
18238245
308110
312213
18410370
18236975
18471517
304469
18451144
4084
310947
310989
18358295
18317756
310936
308796
18460320
18241893
18363053
310997
6629
302685
18241860
2920
18238281
18204485
18126086
9031
18254532
18380219
18258473
303602
18396163
18485962
18421485
18363044
18424171
18363051
18449788
18466410
18107851
18466408
18466400
18361765
18424169
18449653
18449786
18466675
18449647
18361779
18363048
310954
312413
18361767
18421473
310995
18421475
18418268
18421459
18361771
18241864
18449657
18396177
18449639
18357954
310965
18418278
18449664
18480435
311009
310988
18421461
310952
18449667
18449661
18449643
300791
300264
18425751
7388
311485
2870
18397908
312765
5879
304621
18472788
309510
300259
310430
300273
7393
311451
7240
300268
310328
309471
18383522
18424615
18425758
18425178
18354994
18146362
18425175
18225831
18354988
18425772
18354998
18354992
309509
18423905
18357566
18425768
18025119
18472683
18425739
18468524
18354996
18229077
300275
9251
18471235
306695
9281
18432222
18471254
18371414
306678
18371416
18361199
312620
18432206
311394
18471270
313349
18359302
18352287
9262
18469981
18349922
18432214
310357
18429155
18471319
18471263
18432200
18430911
18354672
18352275
303500
18431998
18430900
18313125
18430579
8957
9635
18352288
18349914
18430569
18361211
18471287
304393
18361217
5483
9271
304610
303537
18430576
304405
18471313
306710
18430570
303497
18270343
18361200
18261678
18317507
9269
18363067
18371421
304809
304769
304803
18261151
18464636
18017260
304753
18464641
304822
18312665
9181
18435332
18261710
18312662
18322599
9226
18434072
305699
9194
304888
306177
18261708
9173
304831
9176
18233572
18464649
18375389
18466387
304782
18261719
18466389
18378051
7484
18464634
18464647
18371391
18017240
18464640
18261161
18464638
302694
18358184
8715
641
308033
307099
18312575
18312652
310666
7434
305859
308037
18435837
18441658
558
300485
7416
301927
18288199
301931
311385
18175322
7419
9280
18241874
303250
313163
18398504
301932
18312572
18371399
18431177
18371405
312926
18349241
18431181
18431187
18393288
8718
18462571
18460302
18431183
301925
301885
18295497
18460299
1973
18369770
312848
18474850
18429186
18312656
18416741
18425182
18464625
18435330
18435326
18464648
18464629
18435322
18014151
18375378
310408
1185
5536
18393213
308336
637
313159
3608
3636
312790
5537
308347
2602
3638
18017281
3607
3069
18268390
196
5487
308331
18126080
148
18412898
5528
17953929
18355121
9210
2703
18478963
2232
2775
311623
311077
492
304030
18366028
18168143
18294246
2370
3893
5366
18037828
2377
18384151
2966
257
2380
18285222
309463
18219550
3230
309542
2965
3372
312223
8828
2524
18458640
2532
5368
18272383
18332018
18423901
1969
18455548
310126
5291
3522
18345519
305967
18432015
18204820
18361244
9561
18466059
18361780
18208880
307620
302242
310348
309680
1508
18312565
311553
7720
308332
306331
18303863
212
304183
1915
5901
311824
18376488
300013
181
18277019
7721
308334
309675
300020
7717
303547
18228903
18428200
18144480
302945
18471283
18337892
267
18424893
306526
18133511
18456744
303559
18352261
310692
18313141
312446
18245296
18254540
18354644
7684
18180047
18366586
112
1903
300710
308065
18441549
3685
303599
462
18474567
18434504
680
18222581
18432628
18357551
18360900
18358168
18472680
18409180
18429188
310164
7712
18311948
7483
18355004
18291238
18472436
9037
18391581
7077
306586
306495
9061
18357946
308991
7071
18282040
8379
9040
18367984
4455
4454
4560
4563
5062
4568
4566
18383434
308972
307560
18336478
309004
18492109
6283
6356
18356800
18253103
304152
18287392
3116
308620
300608
302162
308187
8292
307114
18408059
308614
304217
302724
5799
3117
300639
18384879
18481280
300635
302159
18204494
305135
302155
3119
3254
302272
300616
5796
310595
303788
305490
300620
18218076
308682
18198465
311879
1888
301191
6345
18272388
6355
300571
302173
5801
18261165
302188
18017258
3094
3118
6359
18252250
5949
18409188
5753
18354666
305025
311468
18381669
18273527
6075
306750
306739
18312564
306741
9974
300529
312169
301783
9218
301994
306729
9207
306743
306733
302042
18231755
18228878
302011
18366001
18368020
301786
302221
302175
18431171
17989108
18449798
313287
312161
18368003
312153
18449651
18431159
18350870
302002
312146
18431173
18372324
18445631
18431151
18378581
18406823
301867
306657
306747
18376478
301775
313012
18466429
18222029
302782
18440259
18369764
17989110
18369751
302046
18431105
18489651
306749
308128
306653
18433910
18435287
18433897
18435820
18435289
18438424
18435290
18433864
18435829
7618
3637
302277
18216942
5784
5783
800
73
308537
803
103
18421051
799
801
308845
306826
18432030
18466825
18491638
18499474
18440169
18393448
18294222
18232109
303468
18289272
18440436
18372299
18244429
18449949
311199
300801
18293989
18440163
18303817
312913
5645
312387
5594
18175309
312990
18233577
309836
7692
18224548
213
7488
18356817
1987
18241871
300337
18232113
303018
300318
18070479
9956
5652
7330
4801
9853
308929
300344
18372287
18198449
300343
300323
2366
300334
300321
5655
7274
9670
311957
1990
18279470
307965
18336183
18472416
306636
300335
311379
18379474
309307
312425
7291
18163915
18233583
310630
7271
18138442
308559
18358841
18397140
18168171
18458961
18208914
18231410
18037850
307501
3362
18424879
18363074
18386078
313146
3967
18378050
309685
8940
300672
313355
2958
304093
6453
18456456
18306511
214
3892
300873
307419
5862
18477957
18398575
1123
313443
306816
312471
194
1959
17977763
8941
308607
313442
18358201
5392
312334
18396440
3966
304389
18175260
18057827
8961
312327
306809
9792
18218787
311512
18421020
308364
307276
18350101
18361220
311576
300836
18265418
18017253
300872
3333
6451
6454
18476960
18398592
18265676
3080
313173
18476896
306011
4683
18222572
18464054
8964
18322667
311209
6449
18363081
18451571
18359282
18361222
18358182
18361223
18451573
18396396
312763
307444
305398
302815
305525
313481
18359287
18199151
311162
18204823
302465
18359296
300925
307026
18352220
18359300
18445759
18435210
18430914
18216703
18359285
18359289
18057816
18303432
3790
2509
18238913
215
3793
18244250
18372294
6261
18376484
468
8276
6120
18252395
18180073
18441678
18400762
306492
8488
310536
308360
18017248
312855
18463971
8600
18380143
18254520
18222554
18462589
18336474
18336477
18382047
18441566
18441669
18396358
6248
308832
18421030
18378016
310889
308837
18441685
6249
312860
18378023
18107855
18396955
310896
5446
5448
18408062
18415386
18397621
18369301
309383
310801
495
18241532
18445783
18352179
309309
8272
1998
1120
18369772
216
303051
6905
307551
306267
306170
3972
2951
308242
18153553
311025
309578
476
310359
1308
301657
309188
8801
1986
304212
18288046
18082238
18228854
303105
308067
18420452
1054
312634
3516
5595
18232108
18358681
18418237
9230
6901
18403003
311421
176
1992
18287382
18294251
18291260
311836
18198459
18224547
307911
18287876
18375379
7167
219
572
302381
309232
18303828
2222
175
18400733
18303724
731
18219522
18219554
7797
18352263
18312571
18421038
18412894
18312463
18332442
18345771
18414497
18355275
18398593
18312455
18025131
18161591
18312459
302573
18352264
3555
18414494
18306540
18153550
18439705
7809
307171
300271
345
307865
307168
1859
301229
307169
306291
18428880
3381
8853
301154
309365
18427212
313127
18486867
18472665
18486861
18396151
18434343
18478389
18472663
18486866
18486869
18486845
18325509
18352268
18289261
18352180
18469974
18489530
18425179
18461352
18352172
18486857
301227
7060
613
3549
302282
3546
302283
3545
3547
4490
4488
186
3124
18057792
1641
18368023
18438896
18479012
18479008
7242
312920
308051
3135
693
7399
18375392
5527
7407
18279476
18294260
7409
8912
18224550
18363093
307511
18369767
17977795
18455210
313258
7452
7373
309445
18468651
8671
308049
307519
18034082
18237343
8658
307702
300300
3131
18446480
311383
2751
18395392
306067
8688
7306
18277238
18107869
7442
7448
307075
305392
18248991
18420444
311787
8660
18282048
8666
8667
7441
3132
7342
301242
18429387
18453448
18369771
309255
307278
311760
18443750
307700
18381646
308054
18427200
7427
18261149
18322646
310912
18334635
18487016
18480928
18446486
7401
18237341
7428
18420467
18332869
18241878
312959
978
306910
307135
18363209
18454700
308791
312589
977
8649
309435
18371401
307138
18420427
305082
305086
307541
18281968
18375382
2537
311977
974
4163
305694
2364
305688
18255603
307548
5932
300397
969
303122
8652
18420456
18445790
313368
18037817
304746
9458
5878
18384134
3086
497
18461723
18163908
18037816
312482
18222577
966
217
18245274
5931
1158
309845
18273540
310768
18322658
18228867
18384149
18294265
18472653
188
306014
18281954
306410
837
18438452
965
310167
17953943
18241862
18412880
313071
310395
6195
18311919
3083
307549
7287
306476
18369780
18412888
304233
18345778
18430901
18427236
18441764
312476
18421044
18252401
3077
300416
18415387
18322621
18432011
18254514
18381259
18454951
300844
3247
6481
8771
300862
4056
308212
303595
7679
8389
9408
313336
6477
191
2000
7137
311711
6308
5283
5313
8915
309429
3114
3229
18254676
18365897
9253
310459
218
300841
302466
309629
18312438
9348
304928
18273634
18246132
302302
18355152
308969
302344
307466
3108
309783
8883
300966
18408058
301763
18425766
18382353
18463962
7310
4336
305517
303289
18334429
309531
8216
18384121
1775
300258
304107
18247034
18357109
309026
18358685
18219516
18461946
304194
300280
9565
18126972
18285198
7318
305514
4330
304186
18219526
18254549
311570
309804
18144483
309806
305516
18361271
311828
310436
5846
309808
18432849
7322
308219
18138427
18424971
18456724
300281
304187
310942
309475
306870
300283
18337779
307464
1774
7319
3164
18458306
312130
306581
18357527
18337920
18416859
18485984
18393436
310320
18331664
18291208
18285734
18334432
18416831
18496493
18285204
628
305606
18396054
18237319
17953911
18456770
1777
18138443
313269
18428536
300231
300236
18303837
312827
302326
300235
309192
2201
18355141
18408037
18489533
18471278
18440160
18354987
302314
18355145
18355137
18489523
18408066
18312586
18492960
302311
18469965
18488864
18470757
18355143
18465571
302318
18303708
18355147
311821
18414500
18419682
18203159
309152
309113
18398598
18303720
18303716
300221
18203177
308992
18368005
311517
18282049
308166
256
18348790
309874
7131
312032
311370
18233797
313311
3797
309893
4889
18373071
18238757
311326
18255154
18465802
18303815
18409190
18463563
311174
4726
18217023
18279172
8621
18463567
18124378
313061
18126111
18053052
18034053
18144458
306801
7815
1461
18339800
309728
308536
18357533
18424619
7824
18219530
303057
307409
7803
18472439
18424883
18357939
18357941
310198
18390309
18364414
7905
18357819
7818
18357948
18357943
18372279
18384138
18211312
7591
1634
307618
306535
18396418
18357568
18425158
18492652
18425149
18489497
18486878
3464
18252361
18252412
1637
3463
18454499
609
18441687
305472
4649
300267
304976
18423129
18456150
18157391
18469968
18292083
18356773
309811
18453788
18460981
18287389
1629
18288761
7603
18204486
18341806
18423125
18175323
18237321
18336489
312772
351
309140
311854
18391128
18228894
18429392
18364239
300815
18322638
2215
304162
18157395
309865
18249109
18355138
300185
300269
18398506
313296
18445781
18372705
4278
18312446
18261701
18424602
18358164
18336204
18368002
18245295
18268693
18472609
300183
18216918
306503
18291230
18418239
18391458
18418358
18433610
18391320
18222586
18303832
18349916
18358675
312142
307571
311340
7849
304950
304633
5848
18133471
18312609
18336481
18425760
18216936
528
18349937
782
312937
18375411
18279458
18433987
2228
1643
2910
7364
18429148
506
311103
310916
306545
3921
311634
8877
311756
311563
9984
1372
9467
311440
18424903
311749
18268720
4271
305833
307296
2786
302422
302418
302416
18343904
302369
302425
302399
302396
6224
303906
18291454
302433
312810
310563
6228
312671
18332676
18146396
18126077
308906
302358
302424
302359
6206
311371
18128853
307976
6252
18128862
307520
310689
308522
310807
302442
307986
6219
312773
308513
18378019
6218
18428201
18294229
18350567
18423878
308908
302436
18423867
18423872
18435811
18332478
18423865
18377919
302411
18423869
18128874
18224540
6230
18377910
18128876
307521
18284473
18481404
18435311
18291465
18423140
18423122
18438426
18435320
305626
18423859
18423857
18423876
302427
18432109
18438433
18128872
18378042
18423863
18378026
18378022
18288644
18423870
18435823
18474418
18423861
18435803
18377912
312268
773
305147
18337924
18481305
18180080
18306545
303723
18222560
311483
305640
18282007
301793
18350234
300969
18161610
310502
18244555
18466435
18163906
18421026
18291469
18322609
307391
18400746
9417
18303719
6107
313139
309044
18157406
311196
304965
18438438
18418252
18163895
18463999
18438457
300788
18438448
18441706
9855
18380146
18409189
18377880
18377888
18438465
18291209
18441710
18419917
18418243
18441700
311189
2055
2383
304092
302471
6555
4716
311364
313494
8628
18312595
1501
18383610
2053
311358
301487
18288186
8670
18376510
302452
2049
304090
6561
6562
8672
18380175
301517
312858
18222576
18455522
311168
18357957
306751
18400759
8676
18442666
311115
303128
18352278
2054
5271
9954
313171
2047
301015
300780
18361764
18446401
18312578
18153555
18454520
18416877
18361770
18214206
18426782
18352209
18441688
18438429
18014115
18489535
18446398
18445788
18361757
18273597
301519
18445764
18446388
301507
18261157
18277024
18261160
18219539
311369
308769
220
301675
18144466
2739
18133508
2741
308386
3170
7760
18425186
311272
310891
9095
305763
18175302
18337762
18312639
18337895
307418
3686
18449626
7761
9842
18254523
312378
18358171
307474
9083
310705
310701
306934
305651
9094
93
9099
18312618
18146398
3298
305684
7759
302503
677
305826
743
18345751
2250
18352214
192
483
1675
18451269
18312616
7793
18231390
18427231
18427201
1129
18424170
18306530
18332063
309852
18245284
310413
18261739
311068
308175
18276343
4682
6191
1275
2934
308801
4854
306178
310538
305579
17977785
18037814
18472638
18168154
18424579
305552
302004
18386266
18272352
300560
304453
18025106
301836
306012
312023
18430898
305570
18447292
18365986
18441532
18492045
18352176
18451605
18455549
18455545
18491264
18455547
18291456
18472660
310255
18366008
18462257
18312627
18492103
18431145
18430909
18198821
18430905
18430907
18451597
17989089
18492057
17989093
18429149
18366006
305567
18455551
18430902
18365385
586
3403
2902
308628
18466399
18157416
18264963
18384123
308595
18251318
18303675
18245286
18414475
308814
308996
304583
308080
18372669
309305
18292457
973
18292469
18381626
18425157
18365991
18355146
18454473
18432240
312027
18430872
18292478
18429417
18244564
304385
9517
7194
18472448
18472599
18429644
7180
309006
18292480
7187
301998
3239
301422
4404
300008
18216903
1079
4375
3955
4376
1898
1900
306198
18312443
2683
2682
2681
2674
2684
2675
3227
4840
2726
301523
2729
2724
2728
2730
2727
2731
2725
18237363
18322518
1023
18277022
18354650
9671
18424209
149
8842
8817
309110
301524
3910
3027
4907
104
300688
300697
300696
300695
4917
4910
6812
4911
4915
310878
3283
2768
2770
2769
3202
4101
312902
5325
4496
2688
2690
3948
2694
2689
2693
18400770
18376469
2701
2702
9709
312319
311858
131
313200
18282047
18459030
302136
301767
302103
310273
308868
18372667
310728
8564
305486
18485858
18204802
310254
310272
302089
18034071
305785
18268710
308862
308863
304319
18198440
304161
18037798
310279
5964
18241496
309695
308905
18312644
305238
301917
18372314
313282
18368025
18089242
304160
18037813
18487958
18368021
313137
305866
18431191
18037792
18356794
312040
18460328
18187733
5961
18431176
18037796
312853
18469949
18428721
18203187
308900
18430577
310286
18246984
312041
18429180
304730
5438
3383
4450
18254521
18352678
18263236
18277230
18350231
18380171
18306543
7297
5774
312172
18168165
18449824
5413
18285208
306185
312073
312054
301912
18372661
5499
302005
306179
302057
302729
313067
18133491
18204464
5412
18358654
309167
301903
302757
310625
312171
9209
18291240
307946
18203182
302047
307140
302835
9108
9116
18401212
18437128
18331594
18381265
18312449
18372672
18363058
310581
301914
5470
18358206
17989106
18419501
307950
18354634
306180
301907
18358165
18372666
18499450
18500618
18014109
8257
18291214
1547
18219520
18378036
18311958
8979
8215
2009
6042
308816
308785
309769
3779
6127
4982
4677
8265
312352
18285699
304987
305386
474
252
5851
404
3072
234
308
311305
1509
18089255
18369756
18416856
306554
18287390
1060
306859
308621
18218321
18337788
2778
18292485
18423898
308246
18289277
18264997
18144479
18431179
307032
305243
9177
308697
3507
18350121
311345
1492
310169
312535
535
304281
7392
2122
302438
309789
313412
7360
4317
18458099
2124
2204
305403
775
18247024
303244
300262
18458332
7391
18198434
18371408
308007
18227685
18394443
18312585
18358669
18279461
18463329
18277185
18358667
18415363
18440933
18397698
18492083
18289247
8530
8501
8520
311184
18217007
18342098
311231
310876
18265408
312517
312783
307920
311253
307290
8532
18323036
18325165
311248
18424207
18420697
18424648
18376497
18377898
18423889
18424638
18424661
18375390
18377902
18430246
18425318
18336496
18429388
18499026
18424202
18434964
18377909
18390095
18423894
18414502
18419424
18377900
18424582
18424654
18424650
18423118
18251459
18424208
18424656
18375387
18424200
18377895
300961
18424640
18424584
18424188
18372694
18371398
18409206
18429386
18396190
18424192
18499493
18322647
6654
300941
18263693
18245248
305275
18337490
312364
312422
18359295
307369
308811
18273624
18175303
310532
312420
308155
305856
308950
17977767
18359288
1199
312365
17989097
18233584
18241524
301700
303849
18258484
18157386
18455949
18337907
18441677
18355037
18124369
18221405
302166
8696
6925
300459
2403
8695
311396
18333392
18287378
307195
300440
4793
18478982
18322639
18285737
18204810
301380
18277000
300461
3654
18264996
301377
8680
18246995
4785
2402
300406
311390
4164
18365391
8508
1305
18245289
18057797
300472
18247014
4790
8707
302183
4792
2362
4338
309198
300457
312201
3657
310640
309323
311333
5925
312448
311600
18365871
18466393
18258762
18489507
3665
309473
8502
18303857
6264
18419896
18291215
18264964
18420420
310604
18225627
6251
6253
18249080
18364535
18128871
18124355
304598
18380891
18458629
6240
18420428
18418262
18418276
18421469
18421467
18446390
18421471
18377897
18419871
18420424
18377901
18291232
18445361
1613
18216911
310440
4740
2044
306064
6553
18363089
18294257
349
3455
1115
311506
3974
18163893
313093
18384135
18337772
18316173
18336491
18306524
18390311
18446491
18334400
18474934
18416747
18415376
18446483
18409199
18446485
18439530
18279456
304475
311971
1918
3467
18265698
7457
18175274
3469
2605
4640
928
312756
309505
9890
954
18357525
18265700
18252382
18478967
18311920
18455876
18478987
18479000
18478997
18492061
18349925
18492065
310480
18144471
18466972
18429376
18354968
18441542
18445274
18168147
18429375
310479
18212160
310063
312214
309641
306688
18440427
312573
7983
302541
7992
3695
4473
3250
718
18272361
18372695
18265411
18303706
18268698
18264244
18277171
18265419
18233616
18366022
18273551
18272346
18268925
18272379
18272355
18268722
18273556
18272367
18258775
18449092
18461590
18254530
18336212
18268727
18268712
18272353
18261140
18272357
18303688
18268716
18264533
2799
2655
301392
302727
311698
307297
3154
18357543
3155
18424581
18421057
18233620
300605
18279442
18279455
18424873
18381672
18382336
18424874
18424872
18424880
18381675
18419893
18289074
18291236
311614
18429395
3735
9731
302132
18258162
302144
4471
18253392
310790
8152
313035
301509
312275
302127
18322604
18433889
18232121
307628
18281980
8151
302139
18377927
313120
18361734
304338
18440390
18383456
18427237
18382359
18445740
18331809
18377925
312287
18441766
18281977
18336259
18441537
18128857
18279435
18281983
301402
301461
301468
2342
309088
18334423
439
18431970
307718
5685
312243
18428614
18424869
307232
300907
18382371
8422
8344
8441
8351
4505
18317498
18371434
18425747
18371402
18383509
18446433
18349905
18352249
18383479
18383470
18383460
18440424
18383477
18383466
18396179
18466951
18337905
18361221
18383484
18440164
18382377
18383444
18416753
18441551
18383481
18440406
18381647
18440416
18371430
18383490
18273632
18382345
18382347
3226
4627
312278
18364351
18373737
18124366
18254400
309545
310067
18430587
6033
6036
1669
3924
18383511
18245267
304496
308670
18462632
18322648
18356045
18126101
18273622
5742
311186
2331
2329
18382363
18456760
18435292
18435286
18243997
18268352
18463699
18376508
18146402
18216904
5634
4541
8226
18254527
18409725
310208
8228
8236
18415343
18133476
18381224
18440751
306560
18371428
18372251
312369
307014
18332064
18216939
18378014
18157400
18057810
18252385
18421504
18310503
18424173
18233621
18432230
18409212
18219528
18380150
18355013
18348609
18424175
313415
18460286
310762
18208893
18478981
18410832
18303715
4480
3764
304636
307340
8237
18268724
312463
309318
302518
8072
5755
18486840
8074
307888
834
18382337
18433542
18382335
18264985
18265692
304937
18489849
18485826
18489806
18381674
18441772
18390891
8061
308623
311013
18368015
18273942
18034079
18440413
18427230
18440415
18446387
18340903
18275760
18357548
18381249
18307266
18112492
18445768
18393840
18276998
300988
18292443
18204456
18138418
18441561
18245275
18469933
18358190
18441663
18489823
18489827
18371413
18441563
18358662
18277008
18399250
18449300
18454471
18273973
18375406
18384109
18441569
18254543
18393815
18458636
18481281
18474432
18441559
18441665
18466397
18441557
18441671
18416310
18372688
18146472
3145
312175
3143
4518
304510
310875
309317
311085
300914
8115
18455665
18146390
18435298
301415
18407293
18432201
304493
18438456
18367439
18466616
18382368
18465093
18345109
18432027
18258742
18254314
18258756
18382366
4882
309535
18415359
308451
18156287
399
18161600
18249084
18432020
18432013
303371
302558
1698
9252
1323
1735
5677
300953
4721
18261722
18346730
461
937
307720
591
18371433
18287364
7913
18180086
5678
427
18292482
18446481
310694
18252573
303269
5854
18349895
4160
301514
310417
1701
18208904
3306
301005
307566
18216913
310399
594
3796
490
18336495
18228862
384
7945
2985
18228855
18289257
18380141
18272377
18473005
300180
7784
396
18014141
1702
18198836
309111
309098
166
18434638
1070
450
18175334
4248
18237334
300952
311649
2336
18273566
311338
310609
307555
4717
7956
304612
304691
309519
18450369
18409730
18427226
387
301420
18383442
18424675
18425782
18457257
18382382
18441711
308770
18472688
18156065
308951
308563
18409182
8065
18216929
18224208
18441760
18492041
18393406
18381676
18430895
18433898
5239
18312466
8022
8017
18020006
18252394
311375
18463959
18345461
311688
18265723
7986
18244520
5760
18265705
5761
18255160
18265709
18236270
5757
312237
5700
302575
18463961
18336506
5744
18408051
18377587
307719
7982
311419
18383448
18432192
395
307724
1460
7991
7979
18323760
307491
2334
3153
18361198
309215
18219552
18478962
18472682
18396192
18138415
18429379
3443
18466412
18180048
302535
18311928
18446503
18157374
309059
18291234
18458315
18457856
18323684
18244230
18204467
18306542
18337925
18433854
313151
9735
18440192
302501
303025
18424204
18393700
18430590
18439524
18417576
18440395
18423885
18421515
18440171
18359322
457
18398459
18255715
18427249
18391164
18472655
18279437
18204489
18275704
18332077
18458632
18391158
18303845
18352262
18427229
18345747
18368024
18472419
18284048
18438321
18319512
309278
18419879
9836
307407
305317
18430593
18349929
18408048
305222
18356801
18432198
18432025
18265399
18432194
8385
309799
6800
18449659
18438249
18489509
18155147
18388032
18478565
313410
311974
5686
18396157
5681
307424
8084
18412870
18412876
306551
8095
308648
18352184
17977758
18370702
18322612
18412866
18396425
18287405
18466390
18219556
311332
18439546
18441667
18363088
18454463
18450749
18381230
18332051
18339370
18439534
18432190
18412897
18383529
18383549
18430878
18481312
18478971
18439535
307974
18430884
18460087
1337
311342
18438435
18425976
18463984
18370372
18433903
18391172
310539
18383527
310695
308763
309135
3740
18400723
18383486
18454484
18398614
18373560
18478972
18381258
18420881
18499456
18433905
18448608
18387305
18317511
18472676
18244257
18228857
18456765
18317512
18432231
18486776
18432236
311706
18410380
18426112
18418205
18352161
18234101
312313
18339329
304818
18303838
310724
310753
18435295
18281160
309155
18289230
18277218
18133492
18332086
18419113
18203626
312978
18451091
304727
3679
306023
18378765
18014129
301081
2971
302406
18254253
18138435
5684
1745
3707
18371395
310766
2939
1919
9313
18470627
18273432
18163927
18373828
18252364
18376068
308725
385
18432227
308441
2327
313045
309818
311341
18398605
18383531
306167
308059
18489511
18388008
18255153
313164
18432195
18261811
18377891
18273047
18261720
18435293
18480748
18480216
18478977
18500639
18357573
18435297
18322688
18383521
18337906
18351422
18353796
18495875
18480321
18332475
18439522
18481291
1498
18258491
304484
18477658
18368602
18435807
18287399
309873
310170
8497
312184
18082207
18144457
18346998
18435308
18291227
18435795
18383031
304750
18435790
18244407
18428215
18382356
307841
18157407
8068
18435313
18249124
302502
313329
18126119
18435805
18409196
501
510
18418274
5746
18215963
18432232
304487
18433909
8096
18459896
5702
304502
18432196
18414468
8090
8092
18391140
312935
18313786
18432223
8077
8089
18368771
18481296
18128894
18451823
18469955
18466392
310755
312186
4469
18423860
307335
5698
8130
311533
18268502
18285723
308751
18273567
3753
18258503
1844
313305
18281981
308718
18423098
18435329
18367978
5777
18396437
18224549
8138
18281973
18391059
313049
313250
313358
18358191
5696
18252359
4483
5776
8767
311622
308758
303996
18128867
18160567
18128892
18380262
307703
302308
3939
311656
304441
18344518
304439
18312485
312188
18424577
312192
18424631
18474221
18268694
18381667
18424598
18423900
18347548
18281813
18423896
18423139
308717
310775
18274402
18382349
18423877
18424206
18424195
310770
18424588
18356798
304480
4758
7909
18391137
312428
18448390
18462716
18492089
18424868
18415381
18492086
18378580
18460908
18409211
18478895
18258764
18382564
18378040
18382348
18216323
312240
18224558
6170
18478533
18439012
18421059
18490967
18491387
18388148
313103
18439544
18439541
18335834
18383468
18351053
18411585
18382362
18163938
312316
18424201
18429391
18126089
18337921
18462972
18014154
18383462
18435296
18416867
18383535
18418649
18313143
18332053
18365588
18423131
18418250
18439523
18471723
18430582
18451827
18439527
18313605
18372662
18435336
18418232
18433873
18383464
18354978
18469970
18441651
18415977
18439532
18435288
18383483
18442657
18435824
18456271
18394367
18439529
18435797
18435321
18494319
18383458
18352676
18468948
18499472
18396341
18431190
18431976
18466993
18472450
18383503
311334
18308083
310240
18206836
18376500
308877
311768
18423127
300550
18337891
9724
312558
312777
1495
18258469
18440423
18385532
18349808
18440409
18271099
311701
302925
18385889
18371420
308737
309693
312241
390
447
4482
550
303152
18486858
18499455
18466970
18431193
18258397
18431981
3212
8012
312187
523
2480
1733
307145
1727
828
393
1722
2483
1726
304934
305961
308578
308750
309971
386
428
18070483
7869
5610
304103
5598
18233617
300955
18017237
5619
2191
307447
7932
1226
8888
4530
18400768
409
7939
18133480
791
486
18208913
3251
308774
394
302421
1244
5689
18431152
18439721
18431158
18430892
18430870
18428504
2979
3237
2025
3149
18255134
18277023
18313203
18254559
18255132
120519
4000344
4000016
4000277
18369321
4000033
18279982
4000004
4000269
4000027
4000081
4000069
4000294
4000001
4000030
4000018
4000222
4000031
4000015
4000007
18343124
3700010
3700009
18427467
3700024
3700056
3700408
3700017
3700050
3700041
3700387
3700036
3700049
3700069
3700160
18378803
3700051
3700037
3700019
3700021
3700561
6508323
18383095
18378852
13231
18354483
18383076
6505309
6504409
18350020
6508117
18417624
6505564
11371
11807
18292672
6507461
6507967
6506206
6507495
18441490
2700001
2700223
2700263
2700024
2700010
2700007
2700019
2700002
2700008
2700044
2700059
2700242
2700085
2700241
18388053
2700011
2700082
2700032
2700049
2700036
96814
90499
3800319
3800021
18396610
3800053
3800052
3800078
3800022
3800238
3800003
3800020
3800000
3800002
18362165
3800252
3800018
3800016
18439181
3800477
18367402
3800437
3200090
3200440
18295781
3200265
3200012
3200005
18275708
3200021
3200584
3200015
3200032
3200002
3200311
3200497
3200560
3200269
3200590
3200537
3200024
3200034
3900021
3900059
3900158
3900007
3900232
3900250
3900245
3900004
3900032
3900058
3900070
3900057
3900067
3900050
3900009
3900010
3900055
18346996
18246202
3900238
2800013
2800012
2800294
2800903
2800052
2800095
2800856
2800911
2800757
2800096
2800083
18306045
2800897
18285610
2800128
2800100
2800418
2800881
2800042
2800019
18400530
7423620
7423482
7422633
7405789
18425821
7422751
7402935
7410290
18391256
7400818
7420899
18352452
7421967
18370659
7417455
18409146
18408381
7422489
18386856
7417450
18251260
7000162
7001086
7003855
7000095
7003663
18217279
7005582
18419011
7001208
7005979
7000992
7001660
7006107
18383350
18450836
7006871
7006421
7001670
7003682
7100468
7101378
7101011
7100171
7101042
7101483
7100478
7100660
7100151
7100502
7100072
7100811
7100119
7100087
7101310
7100535
7101000
7100938
7101081
7100788
6900714
6900883
6900374
6900224
6900160
6900050
6900724
6901081
6900674
6901062
6900669
6900811
6901051
6900388
18273002
6901231
6901394
6900843
6900992
6900069
7600803
7600217
7600902
7601577
7601241
7602204
7601102
7600062
7602340
7601106
7602219
7602224
7600471
7600118
7600097
7600188
7600914
7601024
7601177
7600921
6118140
6103683
6114338
6114829
6103922
6103902
6103255
6113680
6113857
6100054
6102615
6127163
6117406
6102866
6103868
6104220
6117859
6103211
6101881
6113973
6800280
6800443
6801867
6800235
6801051
6800577
6800569
6801374
6801963
6801329
6801395
6800538
6800593
6800908
6800678
6800892
6800263
6801039
6801873
6800782
18426586
6201976
18107765
6201309
6201312
6200110
6200383
6202039
6201336
6202515
17957917
6201431
18425995
17957911
18295472
6201972
6201130
18261203
6201360
18318801
18395463
18337845
6401732
6401060
6400421
6402177
6401198
6401054
6403291
6403499
6400191
6404082
6401485
6400621
6403544
6403452
6402163
6401789
6400235
6400217
6501534
18339373
6517396
6502688
6515130
6502341
6516766
18370704
75027
18199767
75031
75728
18445944
18199742
18238595
75609
18318846
75380
18376948
75104
75026
75576
75764
75132
18289339
75683
18136493
75989
6502134
18204217
6502852
6515339
6502883
6517568
6516831
6501141
6516432
6517404
6515135
6502857
5800557
5800634
5800567
5800891
5800590
5800755
5800515
5800746
5800718
5800758
5800156
5801078
5801970
5800144
5800316
5800710
5800433
5800176
5801321
5800612
6001980
6000168
6000447
6004408
6003426
6000549
6000871
6004011
6000409
6000019
6001537
6003668
6001748
6001757
6000747
6002025
6003879
6004089
6000921
6004813
5904116
5901782
5902117
5927248
5905215
5926979
5916085
5915547
5915054
5915730
5908749
5915807
5916112
5927402
