insert
ethernet.csv
queries
20186063
20186064
20186065
20186066
20186067
20186068
20186069
20186070
20186071
20186072
20186073
20186074
20186075
20186076
20186077
20186078
20186079
20186080
20186081
20186082
20186083
20186084
20186085
20186086
20186087
20186088
20186089
20186090
20186091
20186092
20186093
20186094
20186095
20186096
20186097
20186098
20186099
20186100
20186101
20186102
20186103
20186104
20186105
20186106
20186107
20186108
20186109
20186110
20186887
20215482
14578952
20186001
20186002
20186003
20186004
20186005
20186006
20186007
20186008
20186009
20186010
20186011
20186012
20186013
20186014
20186015
20186016
20186017
20186018
20186019
20186020
20186021
20186022
20186023
20186024
20186025
20186026
20186027
20186028
20186029
20186030
20186031
20186032
20186033
20186034
20186035
20186036
20186037
20186038
20186039
20186040
20186041
20186042
20186043
20186044
20186045
20186046
20186047
20186048
20186049
20186050
20186051
20186052
20186053
20186054
20186055
20186056
20186057
20186058
20186059
20186060
20186061
20186062
